a=[01474   01476   01700   02078   02486   02724   02712   02490
02118   01709   01469   01474   01699   02077   02485   02724
02713   02490   02119   01708   01469   01472   01698   02075
02487   02721   02713   02490   02116   01710   01472   01476
01692   02072   02487   02721   02712   02490   02116   01711
01469   01476   01697   02074   02488   02722   02715   02492
02118   01710   01473   01474   01700   02076   02486   02721
02713   02491   02118   01708   01471   01474   01698   02076
02489   02724   02714   02493   02120   01712   01472   01478
01698   02077   02491   02723   02716   02492   02118   01708
01473   01475   01699   02074   02487   02721   02712   02492
02117   01707   01470   01474   01701   02073   02488   02721
02712   02491   02117   01710   01472   01476   01696   02074
02485   02724   02715   02492   02116   01708   01470   01475
01698   02078   02489   02725   02713   02492   02120   01711
01472   01477   01699   02076   02486   02728   02712   02490
02118   01706   01469   01471   01698   02076   02488   02722
02714   02494   02120   01709   01473   01474   01700   02076
02486   02721   02714   02491   02118   01709   01472   01474
01698   02076   02488   02721   02714   02491   02118   01708
01470   01476   01700   02071   02489   02721   02715   02492
02117   01709   01475   01475   01698   02077   02485   02721
02712   02493   02118   01708   01469   01473   01698   02078
02488   02720   02715   02494   02123   01710   01471   01477
01702   02076   02488   02723   02713   02493   02116   01709
01471   01475   01699   02077   02486   02724   02714   02494
02119   01708   01473   01475   01700   02072   02489   02720
02716   02491   02120   01707   01470   01474   01696   02074
02487   02719   02713   02490   02117   01706   01469   01475
01698   02076   02488   02722   02715   02490   02120   01710
01472   01477   01700   02076   02486   02721   02714   02494
02118   01708   01471   01478   01699   02076   02488   02723
02714   02494   02118   01707   01473   01476   01700   02076
02486   02720   02712   02492   02117   01708   01468   01473
01698   02075   02486   02725   02714   02492   02118   01710
01474   01477   01697   02073   02485   02721   02712   02492
02117   01708   01470   01474   01700   02075   02485   02720
02713   02489   02114   01706   01470   01474   01698   02075
02487   02722   02714   02492   02118   01709   01472   01477
01700   02076   02488   02721   02710   02492   02119   01709
01470   01474   01700   02075   02485   02722   02713   02490
02118   01709   01471   01475   01700   02077   02487   02721
02704   02492   02117   01709   01470   01474   01698   02073
02486   02721   02714   02492   02117   01710   01470   01475
01697   02074   02484   02718   02712   02490   02117   01706
01472   01475   01696   02073   02484   02720   02710   02489
02117   01706   01467   01472   01698   02073   02485   02720
02716   02493   02117   01708   01472   01475   01699   02075
02483   02720   02712   02492   02118   01706   01470   01474
01698   02074   02485   02722   02714   02494   02118   01710
01472   01475   01698   02073   02484   02720   02713   02490
02118   01706   01471   01475   01696   02072   02483   02722
02712   02490   02116   01708   01468   01473   01696   02075
02484   02727   02711   02488   02115   01705   01469   01473
01696   02074   02484   02720   02711   02487   02114   01706
01469   01472   01696   02072   02485   02723   02712   02491
02114   01707   01470   01472   01695   02072   02488   02718
02712   02491   02108   01707   01469   01473   01695   02075
02484   02721   02712   02492   02116   01708   01471   01474
01697   02073   02483   02719   02712   02488   02117   01705
01470   01475   01696   02072   02486   02721   02712   02489
02117   01705   01470   01471   01694   02075   02482   02719
02711   02487   02115   01707   01471   01473   01697   02070
02483   02719   02709   02491   02114   01704   01468   01473
01696   02072   02483   02719   02713   02491   02119   01705
01469   01475   01699   02072   02484   02718   02711   02490
02116   01706   01470   01475   01696   02074   02483   02719
02713   02490   02116   01706   01468   01473   01695   02075
02484   02721   02709   02483   02116   01705   01467   01471
01697   02070   02482   02717   02711   02488   02116   01705
01466   01475   01692   02072   02481   02719   02714   02494
02119   01708   01467   01473   01697   02076   02484   02747
02713   02492   02121   01704   01436   01473   01696   02079
02484   02719   02712   02490   02117   01708   01470   01472
01697   02074   02480   02720   02709   02493   02120   01718
01448   01479   01695   02057   02476   02717   02709   02482
02120   01710   01469   01480   01697   02075   02483   02719
02713   02490   02116   01708   01471   01473   01700   02076
02484   02720   02716   02487   02116   01705   01469   01473
01697   02075   02485   02721   02711   02492   02116   01707
01470   01479   01696   02071   02484   02720   02710   02416
02118   01709   01478   01475   01696   02074   02484   02721
02714   02488   02114   01708   01467   01472   01701   02070
02484   02718   02710   02490   02120   01700   01469   01474
01695   02072   02484   02718   02709   02489   02114   01705
01467   01472   01696   02073   02483   02715   02712   02485
02115   01708   01472   01472   01695   02072   02484   02722
02710   02488   02116   01707   01470   01473   01699   02074
02483   02718   02712   02492   02116   01706   01473   01476
01695   02076   02484   02722   02715   02489   02117   01706
01454   01474   01699   02084   02485   02718   02715   02491
02118   01714   01469   01475   01707   02075   02490   02722
02712   02492   02119   01708   01469   01463   01700   02075
02484   02718   02712   02490   02116   01704   01467   01473
01697   02070   02483   02723   02712   02491   02119   01708
01478   01474   01699   02074   02485   02718   02711   02489
02120   01705   01468   01476   01701   02072   02486   02724
02713   02489   02116   01710   01472   01471   01712   02071
02485   02719   02710   02489   02127   01708   01472   01469
01698   02070   02486   02721   02715   02503   02116   01707
01462   01475   01695   02158   02484   02721   02713   02492
02119   01707   01469   01474   01697   02074   02489   02722
02707   02489   02125   01715   01471   01472   01708   02076
02485   02721   02713   02493   02118   01706   01470   01474
01700   02076   02486   02721   02714   02494   02119   01712
01472   01482   01699   02076   02487   02727   02715   02490
02118   01705   01471   01473   01699   02075   02488   02723
02713   02494   02116   01707   01470   01476   01695   02074
02488   02719   02714   02489   02119   01708   01471   01475
01697   02073   02488   02723   02640   02492   02117   01704
01470   01476   01698   02077   02487   02719   02713   02494
02119   01709   01471   01472   01703   02077   02488   02722
02726   02495   02118   01708   01471   01464   01697   02075
02487   02725   02716   02492   02121   01713   01469   01480
01716   02077   02488   02724   02714   02489   02129   01710
01472   01475   01701   02078   02486   02720   02715   02492
02117   01708   01468   01473   01702   02077   02487   02720
02716   02491   02117   01712   01472   01478   01701   02076
02485   02720   02714   02490   02118   01707   01469   01472
01699   02077   02489   02727   02716   02496   02121   01711
01474   01482   01702   02078   02491   02719   02717   02489
02115   01708   01472   01428   01698   02067   02492   02725
02718   02485   02122   01710   01475   01480   01702   02079
02489   02724   02715   02496   02116   01709   01476   01475
01700   02081   02484   02724   02718   02494   02120   01711]

b = reshape (a', 1, 1000)
c = 0 : 999
plot (c,b)
